"Year","Labor","Unemployment","JURISDICTION","POPULATION","GRAND.TOTAL","theft_total","murder_total","be_total"
1976,64.28,6.55,"Allegany County",83923,2125,133912,352,56311
1976,64.28,6.55,"Baltimore County",642369,35971,133912,352,56311
1976,64.28,6.55,"Dorchester County",29929,1332,133912,352,56311
1976,64.28,6.55,"Harford County",136805,5782,133912,352,56311
1976,64.28,6.55,"Somerset County",19717,677,133912,352,56311
1976,64.28,6.55,"Anne Arundel County",340345,18744,133912,352,56311
1976,64.28,6.55,"Calvert County",26491,746,133912,352,56311
1976,64.28,6.55,"Frederick County",97068,3521,133912,352,56311
1976,64.28,6.55,"St. Mary's County",50455,1650,133912,352,56311
1976,64.28,6.55,"Wicomico County",59758,2685,133912,352,56311
1976,64.28,6.55,"Baltimore City",860974,68269,133912,352,56311
1976,64.28,6.55,"Garrett County",23660,493,133912,352,56311
1976,64.28,6.55,"Kent County",16785,520,133912,352,56311
1976,64.28,6.55,"Talbot County",25784,965,133912,352,56311
1976,64.28,6.55,"Worcester County",26795,2370,133912,352,56311
1976,64.28,6.55,"Carroll County",82407,1927,133912,352,56311
1976,64.28,6.55,"Cecil County",56320,2417,133912,352,56311
1976,64.28,6.55,"Montgomery County",570275,24360,133912,352,56311
1976,64.28,6.55,"Washington County",108494,3798,133912,352,56311
1976,64.28,6.55,"Caroline County",21840,509,133912,352,56311
1976,64.28,6.55,"Howard County",97877,5101,133912,352,56311
1976,64.28,6.55,"Prince George's County",685948,47163,133912,352,56311
1976,64.28,6.55,"Charles County",59758,2274,133912,352,56311
1976,64.28,6.55,"Queen Anne's County",20223,738,133912,352,56311
1977,64.99,6.11,"Anne Arundel County",347538,18496,131043,333,57904
1977,64.99,6.11,"Wicomico County",60281,2897,131043,333,57904
1977,64.99,6.11,"Dorchester County",29991,1223,131043,333,57904
1977,64.99,6.11,"Allegany County",82102,2211,131043,333,57904
1977,64.99,6.11,"Baltimore County",643363,38261,131043,333,57904
1977,64.99,6.11,"Carroll County",86000,1822,131043,333,57904
1977,64.99,6.11,"Harford County",140650,5791,131043,333,57904
1977,64.99,6.11,"Montgomery County",575310,24806,131043,333,57904
1977,64.99,6.11,"Somerset County",19624,523,131043,333,57904
1977,64.99,6.11,"Calvert County",27500,788,131043,333,57904
1977,64.99,6.11,"Cecil County",54901,2157,131043,333,57904
1977,64.99,6.11,"St. Mary's County",53400,1838,131043,333,57904
1977,64.99,6.11,"Prince George's County",675500,46559,131043,333,57904
1977,64.99,6.11,"Talbot County",25970,968,131043,333,57904
1977,64.99,6.11,"Garrett County",24810,476,131043,333,57904
1977,64.99,6.11,"Kent County",16200,389,131043,333,57904
1977,64.99,6.11,"Queen Anne's County",20200,611,131043,333,57904
1977,64.99,6.11,"Howard County",103425,5119,131043,333,57904
1977,64.99,6.11,"Worcester County",26703,2459,131043,333,57904
1977,64.99,6.11,"Baltimore City",827494,68310,131043,333,57904
1977,64.99,6.11,"Frederick County",99538,3306,131043,333,57904
1977,64.99,6.11,"Charles County",64900,2264,131043,333,57904
1977,64.99,6.11,"Washington County",111000,3557,131043,333,57904
1977,64.99,6.11,"Caroline County",22600,481,131043,333,57904
1978,66.61,5.61,"Baltimore County",641120,38967,133371,337,58875
1978,66.61,5.61,"Prince George's County",671342,47326,133371,337,58875
1978,66.61,5.61,"St. Mary's County",53509,1902,133371,337,58875
1978,66.61,5.61,"Anne Arundel County",363169,17119,133371,337,58875
1978,66.61,5.61,"Dorchester County",30124,1133,133371,337,58875
1978,66.61,5.61,"Montgomery County",582458,26034,133371,337,58875
1978,66.61,5.61,"Queen Anne's County",22394,625,133371,337,58875
1978,66.61,5.61,"Allegany County",79966,2131,133371,337,58875
1978,66.61,5.61,"Worcester County",27845,2659,133371,337,58875
1978,66.61,5.61,"Carroll County",89083,1968,133371,337,58875
1978,66.61,5.61,"Harford County",146556,5710,133371,337,58875
1978,66.61,5.61,"Somerset County",20016,560,133371,337,58875
1978,66.61,5.61,"Washington County",109397,3464,133371,337,58875
1978,66.61,5.61,"Calvert County",30223,778,133371,337,58875
1978,66.61,5.61,"Frederick County",103748,3448,133371,337,58875
1978,66.61,5.61,"Howard County",117027,5659,133371,337,58875
1978,66.61,5.61,"Wicomico County",60743,3026,133371,337,58875
1978,66.61,5.61,"Baltimore City",781730,70533,133371,337,58875
1978,66.61,5.61,"Garrett County",25664,514,133371,337,58875
1978,66.61,5.61,"Kent County",16647,446,133371,337,58875
1978,66.61,5.61,"Talbot County",26259,996,133371,337,58875
1978,66.61,5.61,"Cecil County",55194,2006,133371,337,58875
1978,66.61,5.61,"Charles County",66193,2610,133371,337,58875
1978,66.61,5.61,"Caroline County",22593,481,133371,337,58875
1979,67.7,5.78,"Allegany County",79721,2322,144634,406,62605
1979,67.7,5.78,"Baltimore County",639872,43265,144634,406,62605
1979,67.7,5.78,"Dorchester County",30647,1305,144634,406,62605
1979,67.7,5.78,"Montgomery County",576776,30242,144634,406,62605
1979,67.7,5.78,"Worcester County",27842,3374,144634,406,62605
1979,67.7,5.78,"Washington County",109767,3552,144634,406,62605
1979,67.7,5.78,"Frederick County",108064,4105,144634,406,62605
1979,67.7,5.78,"Carroll County",92641,2629,144634,406,62605
1979,67.7,5.78,"Cecil County",56486,2403,144634,406,62605
1979,67.7,5.78,"Charles County",67202,3254,144634,406,62605
1979,67.7,5.78,"Garrett County",25939,598,144634,406,62605
1979,67.7,5.78,"Queen Anne's County",23836,679,144634,406,62605
1979,67.7,5.78,"Talbot County",26841,1059,144634,406,62605
1979,67.7,5.78,"Calvert County",31548,969,144634,406,62605
1979,67.7,5.78,"Caroline County",22534,683,144634,406,62605
1979,67.7,5.78,"Harford County",146422,5792,144634,406,62605
1979,67.7,5.78,"Anne Arundel County",361749,17453,144634,406,62605
1979,67.7,5.78,"Baltimore City",790901,74909,144634,406,62605
1979,67.7,5.78,"Somerset County",19129,606,144634,406,62605
1979,67.7,5.78,"Prince George's County",663207,49087,144634,406,62605
1979,67.7,5.78,"St. Mary's County",54182,2115,144634,406,62605
1979,67.7,5.78,"Howard County",116777,6221,144634,406,62605
1979,67.7,5.78,"Wicomico County",60692,3356,144634,406,62605
1979,67.7,5.78,"Kent County",16225,512,144634,406,62605
1980,68.12,6.6,"Washington County",112764,3910,151338,399,71094
1980,68.12,6.6,"Carroll County",96080,2878,151338,399,71094
1980,68.12,6.6,"Worcester County",30303,3125,151338,399,71094
1980,68.12,6.6,"Charles County",72343,3298,151338,399,71094
1980,68.12,6.6,"Dorchester County",30549,1411,151338,399,71094
1980,68.12,6.6,"Allegany County",80461,2474,151338,399,71094
1980,68.12,6.6,"Cecil County",60113,2390,151338,399,71094
1980,68.12,6.6,"Talbot County",25496,975,151338,399,71094
1980,68.12,6.6,"Caroline County",23148,627,151338,399,71094
1980,68.12,6.6,"Harford County",144340,6119,151338,399,71094
1980,68.12,6.6,"Baltimore County",651337,46638,151338,399,71094
1980,68.12,6.6,"Calvert County",34308,1231,151338,399,71094
1980,68.12,6.6,"Somerset County",19041,715,151338,399,71094
1980,68.12,6.6,"Garrett County",26502,675,151338,399,71094
1980,68.12,6.6,"Kent County",16680,609,151338,399,71094
1980,68.12,6.6,"Baltimore City",784554,78184,151338,399,71094
1980,68.12,6.6,"Prince George's County",657707,51762,151338,399,71094
1980,68.12,6.6,"Wicomico County",64974,3842,151338,399,71094
1980,68.12,6.6,"Howard County",118443,6986,151338,399,71094
1980,68.12,6.6,"Queen Anne's County",25520,828,151338,399,71094
1980,68.12,6.6,"Montgomery County",574093,31474,151338,399,71094
1980,68.12,6.6,"St. Mary's County",59799,2029,151338,399,71094
1980,68.12,6.6,"Anne Arundel County",370099,20316,151338,399,71094
1980,68.12,6.6,"Frederick County",113557,4457,151338,399,71094
1981,67.84,7.08,"Washington County",114614,3876,151796,421,70722
1981,67.84,7.08,"Worcester County",30800,3066,151796,421,70722
1981,67.84,7.08,"Baltimore City",797429,79102,151796,421,70722
1981,67.84,7.08,"Charles County",73530,3360,151796,421,70722
1981,67.84,7.08,"Cecil County",61099,2572,151796,421,70722
1981,67.84,7.08,"Calvert County",34871,1267,151796,421,70722
1981,67.84,7.08,"Talbot County",25914,1113,151796,421,70722
1981,67.84,7.08,"Wicomico County",66040,3658,151796,421,70722
1981,67.84,7.08,"Carroll County",97657,2635,151796,421,70722
1981,67.84,7.08,"Baltimore County",662025,47183,151796,421,70722
1981,67.84,7.08,"Somerset County",19353,697,151796,421,70722
1981,67.84,7.08,"Harford County",146708,5887,151796,421,70722
1981,67.84,7.08,"Allegany County",81781,2473,151796,421,70722
1981,67.84,7.08,"Anne Arundel County",376172,20435,151796,421,70722
1981,67.84,7.08,"Prince George's County",668499,52832,151796,421,70722
1981,67.84,7.08,"St. Mary's County",60780,2086,151796,421,70722
1981,67.84,7.08,"Caroline County",23528,779,151796,421,70722
1981,67.84,7.08,"Garrett County",26937,707,151796,421,70722
1981,67.84,7.08,"Queen Anne's County",25939,814,151796,421,70722
1981,67.84,7.08,"Kent County",16954,581,151796,421,70722
1981,67.84,7.08,"Howard County",120387,6481,151796,421,70722
1981,67.84,7.08,"Montgomery County",583513,30961,151796,421,70722
1981,67.84,7.08,"Dorchester County",31050,1517,151796,421,70722
1981,67.84,7.08,"Frederick County",115420,4696,151796,421,70722
1982,67.61,8.26,"Talbot County",25939,959,142079,429,60498
1982,67.61,8.26,"Calvert County",34904,1074,142079,429,60498
1982,67.61,8.26,"Carroll County",97748,2459,142079,429,60498
1982,67.61,8.26,"Queen Anne's County",25963,760,142079,429,60498
1982,67.61,8.26,"Baltimore County",662646,43817,142079,429,60498
1982,67.61,8.26,"Baltimore City",798175,74212,142079,429,60498
1982,67.61,8.26,"Caroline County",23550,722,142079,429,60498
1982,67.61,8.26,"Anne Arundel County",376525,18775,142079,429,60498
1982,67.61,8.26,"Harford County",146846,5179,142079,429,60498
1982,67.61,8.26,"Prince George's County",669127,46976,142079,429,60498
1982,67.61,8.26,"Howard County",120500,6079,142079,429,60498
1982,67.61,8.26,"Allegany County",81858,2189,142079,429,60498
1982,67.61,8.26,"Kent County",16970,599,142079,429,60498
1982,67.61,8.26,"Garrett County",26962,644,142079,429,60498
1982,67.61,8.26,"Frederick County",115529,4361,142079,429,60498
1982,67.61,8.26,"Cecil County",61157,2373,142079,429,60498
1982,67.61,8.26,"Montgomery County",584061,27500,142079,429,60498
1982,67.61,8.26,"Dorchester County",31079,1490,142079,429,60498
1982,67.61,8.26,"St. Mary's County",60837,1826,142079,429,60498
1982,67.61,8.26,"Charles County",73599,3129,142079,429,60498
1982,67.61,8.26,"Washington County",114722,3367,142079,429,60498
1982,67.61,8.26,"Worcester County",30829,2801,142079,429,60498
1982,67.61,8.26,"Wicomico County",66102,3590,142079,429,60498
1982,67.61,8.26,"Somerset County",19372,580,142079,429,60498
1983,67.96,6.93,"Allegany County",82605,1948,126862,367,52662
1983,67.96,6.93,"Harford County",148188,4292,126862,367,52662
1983,67.96,6.93,"Frederick County",116584,4170,126862,367,52662
1983,67.96,6.93,"Garrett County",27207,639,126862,367,52662
1983,67.96,6.93,"Wicomico County",66705,2948,126862,367,52662
1983,67.96,6.93,"Kent County",17124,502,126862,367,52662
1983,67.96,6.93,"Dorchester County",31361,1187,126862,367,52662
1983,67.96,6.93,"Talbot County",26174,870,126862,367,52662
1983,67.96,6.93,"Prince George's County",675231,41112,126862,367,52662
1983,67.96,6.93,"Montgomery County",589400,23368,126862,367,52662
1983,67.96,6.93,"Charles County",74271,2773,126862,367,52662
1983,67.96,6.93,"Somerset County",19547,492,126862,367,52662
1983,67.96,6.93,"Washington County",115768,3174,126862,367,52662
1983,67.96,6.93,"Baltimore County",668705,38774,126862,367,52662
1983,67.96,6.93,"Worcester County",31109,2586,126862,367,52662
1983,67.96,6.93,"Caroline County",23762,656,126862,367,52662
1983,67.96,6.93,"Calvert County",35222,886,126862,367,52662
1983,67.96,6.93,"Howard County",121601,5744,126862,367,52662
1983,67.96,6.93,"Cecil County",61713,2231,126862,367,52662
1983,67.96,6.93,"Carroll County",98637,2182,126862,367,52662
1983,67.96,6.93,"St. Mary's County",61393,1596,126862,367,52662
1983,67.96,6.93,"Baltimore City",805527,70080,126862,367,52662
1983,67.96,6.93,"Anne Arundel County",379967,16894,126862,367,52662
1983,67.96,6.93,"Queen Anne's County",26199,770,126862,367,52662
1984,68.38,5.34,"Harford County",151550,4409,123051,354,51475
1984,68.38,5.34,"Baltimore City",788604,66877,123051,354,51475
1984,68.38,5.34,"Talbot County",26693,912,123051,354,51475
1984,68.38,5.34,"Kent County",16877,546,123051,354,51475
1984,68.38,5.34,"Garrett County",27369,618,123051,354,51475
1984,68.38,5.34,"Queen Anne's County",27027,758,123051,354,51475
1984,68.38,5.34,"Calvert County",36985,964,123051,354,51475
1984,68.38,5.34,"Dorchester County",30863,1082,123051,354,51475
1984,68.38,5.34,"Baltimore County",671586,38577,123051,354,51475
1984,68.38,5.34,"Anne Arundel County",388659,16955,123051,354,51475
1984,68.38,5.34,"Wicomico County",66574,2795,123051,354,51475
1984,68.38,5.34,"Frederick County",122120,3960,123051,354,51475
1984,68.38,5.34,"Charles County",79140,2964,123051,354,51475
1984,68.38,5.34,"Caroline County",23833,505,123051,354,51475
1984,68.38,5.34,"St. Mary's County",62450,1760,123051,354,51475
1984,68.38,5.34,"Somerset County",18973,491,123051,354,51475
1984,68.38,5.34,"Worcester County",31953,2675,123051,354,51475
1984,68.38,5.34,"Carroll County",102737,2321,123051,354,51475
1984,68.38,5.34,"Allegany County",80835,1857,123051,354,51475
1984,68.38,5.34,"Montgomery County",605398,24253,123051,354,51475
1984,68.38,5.34,"Cecil County",64216,2068,123051,354,51475
1984,68.38,5.34,"Howard County",129114,6609,123051,354,51475
1984,68.38,5.34,"Washington County",113834,2799,123051,354,51475
1984,68.38,5.34,"Prince George's County",681610,39478,123051,354,51475
1985,68.23,4.62,"Baltimore City",771097,67375,125646,350,53155
1985,68.23,4.62,"Baltimore County",679708,39861,125646,350,53155
1985,68.23,4.62,"Charles County",82603,2988,125646,350,53155
1985,68.23,4.62,"Caroline County",23832,567,125646,350,53155
1985,68.23,4.62,"Wicomico County",66648,3250,125646,350,53155
1985,68.23,4.62,"Garrett County",27164,495,125646,350,53155
1985,68.23,4.62,"Worcester County",33728,3078,125646,350,53155
1985,68.23,4.62,"Carroll County",105829,2098,125646,350,53155
1985,68.23,4.62,"Queen Anne's County",27972,829,125646,350,53155
1985,68.23,4.62,"Talbot County",27063,922,125646,350,53155
1985,68.23,4.62,"Cecil County",66143,2099,125646,350,53155
1985,68.23,4.62,"Harford County",152381,4782,125646,350,53155
1985,68.23,4.62,"Anne Arundel County",392718,17148,125646,350,53155
1985,68.23,4.62,"Calvert County",39686,1171,125646,350,53155
1985,68.23,4.62,"Montgomery County",630126,26182,125646,350,53155
1985,68.23,4.62,"Prince George's County",682233,42854,125646,350,53155
1985,68.23,4.62,"Howard County",137032,7227,125646,350,53155
1985,68.23,4.62,"St. Mary's County",64123,1879,125646,350,53155
1985,68.23,4.62,"Somerset County",18884,569,125646,350,53155
1985,68.23,4.62,"Kent County",16864,537,125646,350,53155
1985,68.23,4.62,"Allegany County",77655,1795,125646,350,53155
1985,68.23,4.62,"Dorchester County",30194,1241,125646,350,53155
1985,68.23,4.62,"Frederick County",125217,3952,125646,350,53155
1985,68.23,4.62,"Washington County",113100,2914,125646,350,53155
1986,69.33,4.55,"Carroll County",107514,2608,132278,397,55578
1986,69.33,4.55,"Wicomico County",67740,3720,132278,397,55578
1986,69.33,4.55,"Harford County",154882,5426,132278,397,55578
1986,69.33,4.55,"Baltimore County",690668,43228,132278,397,55578
1986,69.33,4.55,"Montgomery County",640356,27105,132278,397,55578
1986,69.33,4.55,"Prince George's County",693240,45385,132278,397,55578
1986,69.33,4.55,"Caroline County",24223,677,132278,397,55578
1986,69.33,4.55,"St. Mary's County",65135,1927,132278,397,55578
1986,69.33,4.55,"Charles County",83937,3319,132278,397,55578
1986,69.33,4.55,"Kent County",17127,536,132278,397,55578
1986,69.33,4.55,"Allegany County",78947,2006,132278,397,55578
1986,69.33,4.55,"Queen Anne's County",28420,741,132278,397,55578
1986,69.33,4.55,"Worcester County",34294,3522,132278,397,55578
1986,69.33,4.55,"Dorchester County",30693,1330,132278,397,55578
1986,69.33,4.55,"Frederick County",127271,3908,132278,397,55578
1986,69.33,4.55,"Cecil County",67238,2168,132278,397,55578
1986,69.33,4.55,"Anne Arundel County",399108,19715,132278,397,55578
1986,69.33,4.55,"Calvert County",40299,1173,132278,397,55578
1986,69.33,4.55,"Garrett County",27553,616,132278,397,55578
1986,69.33,4.55,"Howard County",139251,8086,132278,397,55578
1986,69.33,4.55,"Baltimore City",783542,67345,132278,397,55578
1986,69.33,4.55,"Somerset County",19147,648,132278,397,55578
1986,69.33,4.55,"Washington County",114891,3040,132278,397,55578
1986,69.33,4.55,"Talbot County",27524,1063,132278,397,55578
1987,69.79,4.31,"Prince George's County",692346,47128,136272,444,53209
1987,69.79,4.31,"Charles County",90430,3801,136272,444,53209
1987,69.79,4.31,"Montgomery County",675886,28784,136272,444,53209
1987,69.79,4.31,"Kent County",17171,460,136272,444,53209
1987,69.79,4.31,"Baltimore County",681068,41540,136272,444,53209
1987,69.79,4.31,"Dorchester County",30380,1343,136272,444,53209
1987,69.79,4.31,"Carroll County",113393,2717,136272,444,53209
1987,69.79,4.31,"Worcester County",36680,3168,136272,444,53209
1987,69.79,4.31,"Anne Arundel County",412522,19303,136272,444,53209
1987,69.79,4.31,"Howard County",153629,7990,136272,444,53209
1987,69.79,4.31,"Frederick County",133612,4008,136272,444,53209
1987,69.79,4.31,"Wicomico County",70413,4107,136272,444,53209
1987,69.79,4.31,"Caroline County",24386,533,136272,444,53209
1987,69.79,4.31,"Baltimore City",764893,66659,136272,444,53209
1987,69.79,4.31,"Garrett County",26926,648,136272,444,53209
1987,69.79,4.31,"Queen Anne's County",30076,750,136272,444,53209
1987,69.79,4.31,"Allegany County",75697,2011,136272,444,53209
1987,69.79,4.31,"Washington County",115933,3245,136272,444,53209
1987,69.79,4.31,"Calvert County",44402,1124,136272,444,53209
1987,69.79,4.31,"Harford County",160945,5620,136272,444,53209
1987,69.79,4.31,"Cecil County",68584,2365,136272,444,53209
1987,69.79,4.31,"Talbot County",27637,1025,136272,444,53209
1987,69.79,4.31,"St. Mary's County",68381,2118,136272,444,53209
1987,69.79,4.31,"Somerset County",19610,723,136272,444,53209
1988,70,4.18,"Montgomery County",702535,30622,140893,452,54676
1988,70,4.18,"Howard County",160989,8165,140893,452,54676
1988,70,4.18,"Kent County",17410,384,140893,452,54676
1988,70,4.18,"Charles County",95856,4158,140893,452,54676
1988,70,4.18,"Garrett County",27036,610,140893,452,54676
1988,70,4.18,"Worcester County",37482,3035,140893,452,54676
1988,70,4.18,"Allegany County",76500,2131,140893,452,54676
1988,70,4.18,"Baltimore County",692703,43961,140893,452,54676
1988,70,4.18,"Calvert County",47621,1115,140893,452,54676
1988,70,4.18,"St. Mary's County",71380,2633,140893,452,54676
1988,70,4.18,"Cecil County",70868,2338,140893,452,54676
1988,70,4.18,"Anne Arundel County",422647,19008,140893,452,54676
1988,70,4.18,"Talbot County",28470,988,140893,452,54676
1988,70,4.18,"Prince George's County",702944,49672,140893,452,54676
1988,70,4.18,"Frederick County",140302,4486,140893,452,54676
1988,70,4.18,"Caroline County",25295,621,140893,452,54676
1988,70,4.18,"Somerset County",19970,696,140893,452,54676
1988,70,4.18,"Baltimore City",763880,71124,140893,452,54676
1988,70,4.18,"Carroll County",118898,2969,140893,452,54676
1988,70,4.18,"Queen Anne's County",31747,882,140893,452,54676
1988,70,4.18,"Wicomico County",72609,4365,140893,452,54676
1988,70,4.18,"Washington County",118591,2924,140893,452,54676
1988,70,4.18,"Dorchester County",30621,1411,140893,452,54676
1988,70,4.18,"Harford County",167646,5875,140893,452,54676
1989,70.53,3.79,"Montgomery County",715912,27706,136402,540,52664
1989,70.53,3.79,"Allegany County",76375,2280,136402,540,52664
1989,70.53,3.79,"Calvert County",48750,1230,136402,540,52664
1989,70.53,3.79,"Prince George's County",711951,49274,136402,540,52664
1989,70.53,3.79,"Caroline County",25695,539,136402,540,52664
1989,70.53,3.79,"Wicomico County",73125,3943,136402,540,52664
1989,70.53,3.79,"Kent County",17266,414,136402,540,52664
1989,70.53,3.79,"Charles County",96281,4256,136402,540,52664
1989,70.53,3.79,"Carroll County",120554,3144,136402,540,52664
1989,70.53,3.79,"Worcester County",37476,3192,136402,540,52664
1989,70.53,3.79,"Talbot County",28437,1202,136402,540,52664
1989,70.53,3.79,"Baltimore County",700068,41775,136402,540,52664
1989,70.53,3.79,"Dorchester County",30875,1524,136402,540,52664
1989,70.53,3.79,"Harford County",173062,5534,136402,540,52664
1989,70.53,3.79,"Cecil County",72922,2497,136402,540,52664
1989,70.53,3.79,"Anne Arundel County",424124,18964,136402,540,52664
1989,70.53,3.79,"Howard County",165546,8307,136402,540,52664
1989,70.53,3.79,"Frederick County",141882,4524,136402,540,52664
1989,70.53,3.79,"St. Mary's County",71398,2479,136402,540,52664
1989,70.53,3.79,"Somerset County",19703,555,136402,540,52664
1989,70.53,3.79,"Baltimore City",763138,72380,136402,540,52664
1989,70.53,3.79,"Garrett County",27320,676,136402,540,52664
1989,70.53,3.79,"Queen Anne's County",32500,834,136402,540,52664
1989,70.53,3.79,"Washington County",119640,3078,136402,540,52664
1990,69.75,4.32,"Wicomico County",74339,4214,146847,552,53496
1990,69.75,4.32,"Queen Anne's County",33953,977,146847,552,53496
1990,69.75,4.32,"Montgomery County",757027,30489,146847,552,53496
1990,69.75,4.32,"Worcester County",35028,3270,146847,552,53496
1990,69.75,4.32,"Carroll County",123372,2926,146847,552,53496
1990,69.75,4.32,"Washington County",121393,3180,146847,552,53496
1990,69.75,4.32,"Cecil County",71347,2813,146847,552,53496
1990,69.75,4.32,"Calvert County",51372,1136,146847,552,53496
1990,69.75,4.32,"Prince George's County",729268,52742,146847,552,53496
1990,69.75,4.32,"Frederick County",150208,5198,146847,552,53496
1990,69.75,4.32,"Caroline County",27035,574,146847,552,53496
1990,69.75,4.32,"Kent County",17842,538,146847,552,53496
1990,69.75,4.32,"Charles County",101154,4641,146847,552,53496
1990,69.75,4.32,"Garrett County",28138,625,146847,552,53496
1990,69.75,4.32,"Harford County",182132,5751,146847,552,53496
1990,69.75,4.32,"Allegany County",74946,2388,146847,552,53496
1990,69.75,4.32,"Baltimore County",692134,42991,146847,552,53496
1990,69.75,4.32,"Dorchester County",30236,1232,146847,552,53496
1990,69.75,4.32,"Somerset County",23440,642,146847,552,53496
1990,69.75,4.32,"Anne Arundel County",427239,20600,146847,552,53496
1990,69.75,4.32,"Howard County",187328,8287,146847,552,53496
1990,69.75,4.32,"St. Mary's County",75974,2626,146847,552,53496
1990,69.75,4.32,"Talbot County",30549,1076,146847,552,53496
1990,69.75,4.32,"Baltimore City",736014,79145,146847,552,53496
1991,70.35,5.94,"Carroll County",125394,3426,162984,567,56230
1991,70.35,5.94,"Wicomico County",75558,4609,162984,567,56230
1991,70.35,5.94,"Charles County",102814,5279,162984,567,56230
1991,70.35,5.94,"Worcester County",35600,3099,162984,567,56230
1991,70.35,5.94,"St. Mary's County",77221,2910,162984,567,56230
1991,70.35,5.94,"Allegany County",76175,2469,162984,567,56230
1991,70.35,5.94,"Montgomery County",769456,34751,162984,567,56230
1991,70.35,5.94,"Dorchester County",30732,1320,162984,567,56230
1991,70.35,5.94,"Washington County",123385,3605,162984,567,56230
1991,70.35,5.94,"Cecil County",72516,2993,162984,567,56230
1991,70.35,5.94,"Anne Arundel County",434253,21893,162984,567,56230
1991,70.35,5.94,"Howard County",190403,9057,162984,567,56230
1991,70.35,5.94,"Prince George's County",741233,54540,162984,567,56230
1991,70.35,5.94,"Frederick County",152673,4939,162984,567,56230
1991,70.35,5.94,"Kent County",18134,478,162984,567,56230
1991,70.35,5.94,"Baltimore County",703563,46788,162984,567,56230
1991,70.35,5.94,"Garrett County",28599,588,162984,567,56230
1991,70.35,5.94,"Harford County",185120,6722,162984,567,56230
1991,70.35,5.94,"Queen Anne's County",34510,994,162984,567,56230
1991,70.35,5.94,"Somerset County",23824,852,162984,567,56230
1991,70.35,5.94,"Calvert County",52215,1310,162984,567,56230
1991,70.35,5.94,"Baltimore City",748099,86512,162984,567,56230
1991,70.35,5.94,"Caroline County",27475,708,162984,567,56230
1991,70.35,5.94,"Talbot County",31048,1151,162984,567,56230
1992,70.93,6.53,"Harford County",186946,6053,164734,593,55481
1992,70.93,6.53,"Worcester County",35949,2781,164734,593,55481
1992,70.93,6.53,"Wicomico County",76303,5061,164734,593,55481
1992,70.93,6.53,"Kent County",18312,533,164734,593,55481
1992,70.93,6.53,"Montgomery County",777056,33425,164734,593,55481
1992,70.93,6.53,"Howard County",192284,8741,164734,593,55481
1992,70.93,6.53,"Charles County",103829,5076,164734,593,55481
1992,70.93,6.53,"Carroll County",126632,3548,164734,593,55481
1992,70.93,6.53,"Caroline County",27743,680,164734,593,55481
1992,70.93,6.53,"Allegany County",76925,2691,164734,593,55481
1992,70.93,6.53,"Baltimore County",710514,47270,164734,593,55481
1992,70.93,6.53,"Dorchester County",31034,1419,164734,593,55481
1992,70.93,6.53,"Washington County",124602,3198,164734,593,55481
1992,70.93,6.53,"Cecil County",73230,2738,164734,593,55481
1992,70.93,6.53,"Calvert County",52730,1264,164734,593,55481
1992,70.93,6.53,"Prince George's County",748546,55295,164734,593,55481
1992,70.93,6.53,"Frederick County",154180,5233,164734,593,55481
1992,70.93,6.53,"St. Mary's County",77983,2577,164734,593,55481
1992,70.93,6.53,"Talbot County",31354,1156,164734,593,55481
1992,70.93,6.53,"Baltimore City",755517,91531,164734,593,55481
1992,70.93,6.53,"Garrett County",28881,633,164734,593,55481
1992,70.93,6.53,"Queen Anne's County",34850,1026,164734,593,55481
1992,70.93,6.53,"Somerset County",24057,948,164734,593,55481
1992,70.93,6.53,"Anne Arundel County",438543,21925,164734,593,55481
1993,70.67,5.99,"Baltimore County",712020,44683,162959,630,56184
1993,70.67,5.99,"Montgomery County",788643,31965,162959,630,56184
1993,70.67,5.99,"Caroline County",28177,632,162959,630,56184
1993,70.67,5.99,"Carroll County",131736,3414,162959,630,56184
1993,70.67,5.99,"Calvert County",57726,1325,162959,630,56184
1993,70.67,5.99,"Cecil County",75723,2612,162959,630,56184
1993,70.67,5.99,"Howard County",201881,8432,162959,630,56184
1993,70.67,5.99,"Wicomico County",77414,4914,162959,630,56184
1993,70.67,5.99,"Frederick County",161295,4992,162959,630,56184
1993,70.67,5.99,"Kent County",18550,541,162959,630,56184
1993,70.67,5.99,"Baltimore City",732968,93568,162959,630,56184
1993,70.67,5.99,"Worcester County",37667,2724,162959,630,56184
1993,70.67,5.99,"Allegany County",75274,2457,162959,630,56184
1993,70.67,5.99,"Queen Anne's County",35500,1074,162959,630,56184
1993,70.67,5.99,"Talbot County",31533,1142,162959,630,56184
1993,70.67,5.99,"Somerset County",23785,970,162959,630,56184
1993,70.67,5.99,"Harford County",197399,5680,162959,630,56184
1993,70.67,5.99,"Washington County",126701,3250,162959,630,56184
1993,70.67,5.99,"Anne Arundel County",445772,21360,162959,630,56184
1993,70.67,5.99,"Prince George's County",757930,57255,162959,630,56184
1993,70.67,5.99,"Garrett County",29306,706,162959,630,56184
1993,70.67,5.99,"St. Mary's County",80410,2433,162959,630,56184
1993,70.67,5.99,"Charles County",107103,4680,162959,630,56184
1993,70.67,5.99,"Dorchester County",30487,1550,162959,630,56184
1994,70.88,5.2,"Talbot County",31790,1227,167795,575,52197
1994,70.88,5.2,"Kent County",18702,456,167795,575,52197
1994,70.88,5.2,"Carroll County",132818,3345,167795,575,52197
1994,70.88,5.2,"Baltimore County",717879,45580,167795,575,52197
1994,70.88,5.2,"Queen Anne's County",35792,935,167795,575,52197
1994,70.88,5.2,"Caroline County",28406,740,167795,575,52197
1994,70.88,5.2,"Dorchester County",30737,1408,167795,575,52197
1994,70.88,5.2,"Calvert County",58201,1397,167795,575,52197
1994,70.88,5.2,"Cecil County",76343,2257,167795,575,52197
1994,70.88,5.2,"Somerset County",23980,949,167795,575,52197
1994,70.88,5.2,"Wicomico County",78049,5305,167795,575,52197
1994,70.88,5.2,"Prince George's County",764160,56712,167795,575,52197
1994,70.88,5.2,"Frederick County",162261,4918,167795,575,52197
1994,70.88,5.2,"Baltimore City",739180,94276,167795,575,52197
1994,70.88,5.2,"Charles County",107983,4877,167795,575,52197
1994,70.88,5.2,"Worcester County",37973,2848,167795,575,52197
1994,70.88,5.2,"Allegany County",75891,2434,167795,575,52197
1994,70.88,5.2,"Anne Arundel County",449440,20853,167795,575,52197
1994,70.88,5.2,"Montgomery County",795132,34006,167795,575,52197
1994,70.88,5.2,"Howard County",203542,8860,167795,575,52197
1994,70.88,5.2,"Washington County",127743,3088,167795,575,52197
1994,70.88,5.2,"Harford County",199021,5869,167795,575,52197
1994,70.88,5.2,"St. Mary's County",81071,2321,167795,575,52197
1994,70.88,5.2,"Garrett County",29546,657,167795,575,52197
1995,70.99,4.98,"Montgomery County",808499,35033,177272,593,53262
1995,70.99,4.98,"Carroll County",137424,3526,177272,593,53262
1995,70.99,4.98,"Calvert County",62626,1559,177272,593,53262
1995,70.99,4.98,"Kent County",18820,563,177272,593,53262
1995,70.99,4.98,"Wicomico County",79034,5229,177272,593,53262
1995,70.99,4.98,"Caroline County",28923,804,177272,593,53262
1995,70.99,4.98,"Baltimore County",716904,46738,177272,593,53262
1995,70.99,4.98,"Talbot County",32243,1270,177272,593,53262
1995,70.99,4.98,"Cecil County",77589,2682,177272,593,53262
1995,70.99,4.98,"Worcester County",39293,2825,177272,593,53262
1995,70.99,4.98,"Washington County",127509,3504,177272,593,53262
1995,70.99,4.98,"Anne Arundel County",459455,21368,177272,593,53262
1995,70.99,4.98,"St. Mary's County",80901,2400,177272,593,53262
1995,70.99,4.98,"Howard County",214511,9054,177272,593,53262
1995,70.99,4.98,"Prince George's County",765197,60927,177272,593,53262
1995,70.99,4.98,"Allegany County",74394,2352,177272,593,53262
1995,70.99,4.98,"Queen Anne's County",36329,862,177272,593,53262
1995,70.99,4.98,"Baltimore City",712209,96243,177272,593,53262
1995,70.99,4.98,"Charles County",110079,5400,177272,593,53262
1995,70.99,4.98,"Harford County",203438,5979,177272,593,53262
1995,70.99,4.98,"Dorchester County",30640,1326,177272,593,53262
1995,70.99,4.98,"Somerset County",23895,769,177272,593,53262
1995,70.99,4.98,"Garrett County",29582,594,177272,593,53262
1995,70.99,4.98,"Frederick County",172506,5041,177272,593,53262
1996,71.22,4.93,"Worcester County",39525,2822,174723,588,50301
1996,71.22,4.93,"Caroline County",29092,1022,174723,588,50301
1996,71.22,4.93,"Calvert County",62998,1597,174723,588,50301
1996,71.22,4.93,"Howard County",215787,9045,174723,588,50301
1996,71.22,4.93,"Carroll County",138238,3437,174723,588,50301
1996,71.22,4.93,"Baltimore County",721218,45446,174723,588,50301
1996,71.22,4.93,"Prince George's County",769740,60078,174723,588,50301
1996,71.22,4.93,"Baltimore City",716446,88871,174723,588,50301
1996,71.22,4.93,"Somerset County",24036,897,174723,588,50301
1996,71.22,4.93,"Garrett County",29757,591,174723,588,50301
1996,71.22,4.93,"Allegany County",74833,2541,174723,588,50301
1996,71.22,4.93,"Queen Anne's County",36544,976,174723,588,50301
1996,71.22,4.93,"Talbot County",32432,1219,174723,588,50301
1996,71.22,4.93,"Montgomery County",813307,34734,174723,588,50301
1996,71.22,4.93,"Dorchester County",30820,1453,174723,588,50301
1996,71.22,4.93,"Anne Arundel County",462188,22373,174723,588,50301
1996,71.22,4.93,"Cecil County",78048,2544,174723,588,50301
1996,71.22,4.93,"Kent County",18931,404,174723,588,50301
1996,71.22,4.93,"Wicomico County",79503,5358,174723,588,50301
1996,71.22,4.93,"Frederick County",173531,5184,174723,588,50301
1996,71.22,4.93,"Washington County",128265,3601,174723,588,50301
1996,71.22,4.93,"Charles County",110733,5044,174723,588,50301
1996,71.22,4.93,"Harford County",204646,6216,174723,588,50301
1996,71.22,4.93,"St. Mary's County",81382,2674,174723,588,50301
1997,71.27,4.81,"Wicomico County",79846,4453,165469,501,47814
1997,71.27,4.81,"Garrett County",29885,624,165469,501,47814
1997,71.27,4.81,"Carroll County",138835,3607,165469,501,47814
1997,71.27,4.81,"Howard County",216723,9283,165469,501,47814
1997,71.27,4.81,"Harford County",205533,5989,165469,501,47814
1997,71.27,4.81,"Montgomery County",822028,32680,165469,501,47814
1997,71.27,4.81,"Worcester County",39694,2767,165469,501,47814
1997,71.27,4.81,"Anne Arundel County",464193,21730,165469,501,47814
1997,71.27,4.81,"Caroline County",29215,1025,165469,501,47814
1997,71.27,4.81,"Frederick County",174282,4836,165469,501,47814
1997,71.27,4.81,"Cecil County",78384,2704,165469,501,47814
1997,71.27,4.81,"Kent County",19012,396,165469,501,47814
1997,71.27,4.81,"Charles County",111212,4955,165469,501,47814
1997,71.27,4.81,"Dorchester County",30952,1460,165469,501,47814
1997,71.27,4.81,"Allegany County",75155,2613,165469,501,47814
1997,71.27,4.81,"Talbot County",32571,1206,165469,501,47814
1997,71.27,4.81,"Queen Anne's County",36701,981,165469,501,47814
1997,71.27,4.81,"Somerset County",24139,841,165469,501,47814
1997,71.27,4.81,"Calvert County",63271,1605,165469,501,47814
1997,71.27,4.81,"Washington County",128820,3598,165469,501,47814
1997,71.27,4.81,"Baltimore City",719587,78808,165469,501,47814
1997,71.27,4.81,"St. Mary's County",81735,2900,165469,501,47814
1997,71.27,4.81,"Prince George's County",767869,53106,165469,501,47814
1997,71.27,4.81,"Baltimore County",724348,44678,165469,501,47814
1998,70.51,4.24,"Caroline County",29765,1157,157626,511,47207
1998,70.51,4.24,"Garrett County",29749,601,157626,511,47207
1998,70.51,4.24,"Charles County",116001,5253,157626,511,47207
1998,70.51,4.24,"Carroll County",148119,3760,157626,511,47207
1998,70.51,4.24,"Cecil County",81418,3009,157626,511,47207
1998,70.51,4.24,"Talbot County",33320,1264,157626,511,47207
1998,70.51,4.24,"Allegany County",72871,2576,157626,511,47207
1998,70.51,4.24,"Dorchester County",30134,1041,157626,511,47207
1998,70.51,4.24,"Calvert County",69972,1630,157626,511,47207
1998,70.51,4.24,"Washington County",129186,3365,157626,511,47207
1998,70.51,4.24,"Howard County",230639,7723,157626,511,47207
1998,70.51,4.24,"Anne Arundel County",473811,21054,157626,511,47207
1998,70.51,4.24,"Wicomico County",79956,4264,157626,511,47207
1998,70.51,4.24,"Frederick County",184690,4728,157626,511,47207
1998,70.51,4.24,"Baltimore City",662253,73615,157626,511,47207
1998,70.51,4.24,"St. Mary's County",86374,2438,157626,511,47207
1998,70.51,4.24,"Kent County",19220,476,157626,511,47207
1998,70.51,4.24,"Worcester County",42454,2855,157626,511,47207
1998,70.51,4.24,"Baltimore County",726462,40085,157626,511,47207
1998,70.51,4.24,"Prince George's County",776836,54123,157626,511,47207
1998,70.51,4.24,"Queen Anne's County",39408,1103,157626,511,47207
1998,70.51,4.24,"Montgomery County",833420,31091,157626,511,47207
1998,70.51,4.24,"Harford County",214271,5545,157626,511,47207
1998,70.51,4.24,"Somerset County",24671,829,157626,511,47207
1999,70.08,3.46,"Talbot County",33302,1145,149180,492,43614
1999,70.08,3.46,"Cecil County",83114,2966,149180,492,43614
1999,70.08,3.46,"Calvert County",72392,1676,149180,492,43614
1999,70.08,3.46,"Washington County",128265,3298,149180,492,43614
1999,70.08,3.46,"Baltimore City",650588,75842,149180,492,43614
1999,70.08,3.46,"St. Mary's County",88299,2108,149180,492,43614
1999,70.08,3.46,"Caroline County",29700,1148,149180,492,43614
1999,70.08,3.46,"Carroll County",150771,3373,149180,492,43614
1999,70.08,3.46,"Baltimore County",727051,36221,149180,492,43614
1999,70.08,3.46,"Worcester County",43096,2660,149180,492,43614
1999,70.08,3.46,"Kent County",19061,368,149180,492,43614
1999,70.08,3.46,"Montgomery County",846910,27249,149180,492,43614
1999,70.08,3.46,"Dorchester County",29715,1168,149180,492,43614
1999,70.08,3.46,"Prince George's County",783389,49020,149180,492,43614
1999,70.08,3.46,"Howard County",238083,7772,149180,492,43614
1999,70.08,3.46,"Somerset County",24470,829,149180,492,43614
1999,70.08,3.46,"Wicomico County",79936,4219,149180,492,43614
1999,70.08,3.46,"Allegany County",71845,2379,149180,492,43614
1999,70.08,3.46,"Charles County",118809,4395,149180,492,43614
1999,70.08,3.46,"Garrett County",29448,517,149180,492,43614
1999,70.08,3.46,"Frederick County",188117,4761,149180,492,43614
1999,70.08,3.46,"Queen Anne's County",39957,1221,149180,492,43614
1999,70.08,3.46,"Harford County",216208,5440,149180,492,43614
1999,70.08,3.46,"Anne Arundel County",479474,21154,149180,492,43614
2000,70.14,3.52,"Calvert County",74563,1652,145415,437,39644
2000,70.14,3.52,"Garrett County",29846,554,145415,437,39644
2000,70.14,3.52,"Montgomery County",873341,27544,145415,437,39644
2000,70.14,3.52,"Baltimore City",651154,66791,145415,437,39644
2000,70.14,3.52,"Howard County",247842,7834,145415,437,39644
2000,70.14,3.52,"Anne Arundel County",489656,21331,145415,437,39644
2000,70.14,3.52,"Dorchester County",30674,1205,145415,437,39644
2000,70.14,3.52,"Prince George's County",801515,50892,145415,437,39644
2000,70.14,3.52,"Wicomico County",84644,4455,145415,437,39644
2000,70.14,3.52,"Kent County",19197,408,145415,437,39644
2000,70.14,3.52,"Charles County",120546,4494,145415,437,39644
2000,70.14,3.52,"Baltimore County",754292,36474,145415,437,39644
2000,70.14,3.52,"Carroll County",150897,3505,145415,437,39644
2000,70.14,3.52,"Worcester County",46543,2718,145415,437,39644
2000,70.14,3.52,"Harford County",218590,5490,145415,437,39644
2000,70.14,3.52,"Caroline County",29772,978,145415,437,39644
2000,70.14,3.52,"Washington County",131923,3600,145415,437,39644
2000,70.14,3.52,"Cecil County",85951,2987,145415,437,39644
2000,70.14,3.52,"Talbot County",33812,1052,145415,437,39644
2000,70.14,3.52,"Queen Anne's County",40563,1024,145415,437,39644
2000,70.14,3.52,"Frederick County",195277,4948,145415,437,39644
2000,70.14,3.52,"St. Mary's County",86211,2175,145415,437,39644
2000,70.14,3.52,"Somerset County",24747,754,145415,437,39644
2000,70.14,3.52,"Allegany County",74930,2378,145415,437,39644
2001,70.03,4.21,"Howard County",251523,8444,146978,462,42788
2001,70.03,4.21,"Harford County",221837,6370,146978,462,42788
2001,70.03,4.21,"Caroline County",30214,1024,146978,462,42788
2001,70.03,4.21,"Kent County",19482,400,146978,462,42788
2001,70.03,4.21,"Garrett County",30289,570,146978,462,42788
2001,70.03,4.21,"Montgomery County",886314,28002,146978,462,42788
2001,70.03,4.21,"Washington County",133882,3657,146978,462,42788
2001,70.03,4.21,"Carroll County",153138,3142,146978,462,42788
2001,70.03,4.21,"Worcester County",47234,2542,146978,462,42788
2001,70.03,4.21,"Cecil County",87228,2977,146978,462,42788
2001,70.03,4.21,"Frederick County",198177,5615,146978,462,42788
2001,70.03,4.21,"Calvert County",75671,1717,146978,462,42788
2001,70.03,4.21,"Wicomico County",85901,4932,146978,462,42788
2001,70.03,4.21,"Baltimore City",660826,64453,146978,462,42788
2001,70.03,4.21,"Allegany County",76043,2670,146978,462,42788
2001,70.03,4.21,"Prince George's County",813420,58949,146978,462,42788
2001,70.03,4.21,"Baltimore County",765496,37644,146978,462,42788
2001,70.03,4.21,"Talbot County",34314,945,146978,462,42788
2001,70.03,4.21,"Somerset County",25115,663,146978,462,42788
2001,70.03,4.21,"Anne Arundel County",496929,22009,146978,462,42788
2001,70.03,4.21,"Dorchester County",31130,1223,146978,462,42788
2001,70.03,4.21,"St. Mary's County",87492,1874,146978,462,42788
2001,70.03,4.21,"Queen Anne's County",41165,995,146978,462,42788
2001,70.03,4.21,"Charles County",122336,4685,146978,462,42788
2002,69.94,4.78,"Harford County",225262,6906,143580,527,39716
2002,69.94,4.78,"Calvert County",76838,1598,143580,527,39716
2002,69.94,4.78,"Garrett County",30757,537,143580,527,39716
2002,69.94,4.78,"Baltimore City",671028,56550,143580,527,39716
2002,69.94,4.78,"Frederick County",201237,5303,143580,527,39716
2002,69.94,4.78,"Charles County",124225,4943,143580,527,39716
2002,69.94,4.78,"Wicomico County",87228,4400,143580,527,39716
2002,69.94,4.78,"Worcester County",47963,2699,143580,527,39716
2002,69.94,4.78,"Allegany County",77216,2368,143580,527,39716
2002,69.94,4.78,"Montgomery County",899994,29791,143580,527,39716
2002,69.94,4.78,"Washington County",135950,3600,143580,527,39716
2002,69.94,4.78,"Howard County",255406,7855,143580,527,39716
2002,69.94,4.78,"Cecil County",88574,3052,143580,527,39716
2002,69.94,4.78,"Anne Arundel County",504601,21783,143580,527,39716
2002,69.94,4.78,"Caroline County",30681,985,143580,527,39716
2002,69.94,4.78,"Prince George's County",825978,62144,143580,527,39716
2002,69.94,4.78,"St. Mary's County",88842,2142,143580,527,39716
2002,69.94,4.78,"Kent County",19783,508,143580,527,39716
2002,69.94,4.78,"Somerset County",25503,767,143580,527,39716
2002,69.94,4.78,"Carroll County",155503,3001,143580,527,39716
2002,69.94,4.78,"Talbot County",34844,897,143580,527,39716
2002,69.94,4.78,"Queen Anne's County",41801,1025,143580,527,39716
2002,69.94,4.78,"Dorchester County",31610,1321,143580,527,39716
2002,69.94,4.78,"Baltimore County",777313,36970,143580,527,39716
2003,69.28,4.8,"Kent County",19795,372,133941,523,38640
2003,69.28,4.8,"Montgomery County",918624,28679,133941,523,38640
2003,69.28,4.8,"Calvert County",81659,1721,133941,523,38640
2003,69.28,4.8,"Harford County",229831,6225,133941,523,38640
2003,69.28,4.8,"Cecil County",91175,3163,133941,523,38640
2003,69.28,4.8,"Wicomico County",87121,4232,133941,523,38640
2003,69.28,4.8,"Baltimore City",644554,49263,133941,523,38640
2003,69.28,4.8,"Garrett County",30156,582,133941,523,38640
2003,69.28,4.8,"Caroline County",30582,1036,133941,523,38640
2003,69.28,4.8,"Baltimore County",777463,34375,133941,523,38640
2003,69.28,4.8,"Carroll County",160504,2980,133941,523,38640
2003,69.28,4.8,"Worcester County",49082,2683,133941,523,38640
2003,69.28,4.8,"Allegany County",74893,2541,133941,523,38640
2003,69.28,4.8,"Washington County",135495,3538,133941,523,38640
2003,69.28,4.8,"Dorchester County",30734,1179,133941,523,38640
2003,69.28,4.8,"Howard County",262537,7537,133941,523,38640
2003,69.28,4.8,"Anne Arundel County",508071,21285,133941,523,38640
2003,69.28,4.8,"Frederick County",211070,4814,133941,523,38640
2003,69.28,4.8,"Prince George's County",840833,61072,133941,523,38640
2003,69.28,4.8,"St. Mary's County",90882,2194,133941,523,38640
2003,69.28,4.8,"Queen Anne's County",43233,1032,133941,523,38640
2003,69.28,4.8,"Somerset County",25793,851,133941,523,38640
2003,69.28,4.8,"Charles County",130240,5103,133941,523,38640
2003,69.28,4.8,"Talbot County",34582,975,133941,523,38640
2004,68.58,4.62,"Wicomico County",88155,4606,129318,518,36682
2004,68.58,4.62,"Caroline County",31136,985,129318,518,36682
2004,68.58,4.62,"Carroll County",164663,2900,129318,518,36682
2004,68.58,4.62,"Harford County",234246,6246,129318,518,36682
2004,68.58,4.62,"Washington County",138016,3643,129318,518,36682
2004,68.58,4.62,"Baltimore County",784118,33077,129318,518,36682
2004,68.58,4.62,"Calvert County",84860,1545,129318,518,36682
2004,68.58,4.62,"Howard County",266623,7465,129318,518,36682
2004,68.58,4.62,"Cecil County",93573,3388,129318,518,36682
2004,68.58,4.62,"St. Mary's County",93582,2217,129318,518,36682
2004,68.58,4.62,"Prince George's County",846199,61620,129318,518,36682
2004,68.58,4.62,"Baltimore City",634279,48314,129318,518,36682
2004,68.58,4.62,"Kent County",19856,438,129318,518,36682
2004,68.58,4.62,"Talbot County",34979,1017,129318,518,36682
2004,68.58,4.62,"Worcester County",50047,2539,129318,518,36682
2004,68.58,4.62,"Somerset County",25674,808,129318,518,36682
2004,68.58,4.62,"Queen Anne's County",44502,953,129318,518,36682
2004,68.58,4.62,"Montgomery County",927079,24766,129318,518,36682
2004,68.58,4.62,"Frederick County",215568,4612,129318,518,36682
2004,68.58,4.62,"Charles County",134236,4941,129318,518,36682
2004,68.58,4.62,"Dorchester County",30885,1289,129318,518,36682
2004,68.58,4.62,"Anne Arundel County",511140,20304,129318,518,36682
2004,68.58,4.62,"Allegany County",74325,2349,129318,518,36682
2004,68.58,4.62,"Garrett County",30317,491,129318,518,36682
2005,68.92,4.47,"Baltimore County",786768,30945,128103,548,35921
2005,68.92,4.47,"Somerset County",26060,873,128103,548,35921
2005,68.92,4.47,"Washington County",140687,3790,128103,548,35921
2005,68.92,4.47,"St. Mary's County",95644,2318,128103,548,35921
2005,68.92,4.47,"Caroline County",31295,961,128103,548,35921
2005,68.92,4.47,"Carroll County",167424,3177,128103,548,35921
2005,68.92,4.47,"Garrett County",30353,529,128103,548,35921
2005,68.92,4.47,"Harford County",237388,5756,128103,548,35921
2005,68.92,4.47,"Talbot County",35284,1001,128103,548,35921
2005,68.92,4.47,"Dorchester County",31147,1320,128103,548,35921
2005,68.92,4.47,"Howard County",268769,7793,128103,548,35921
2005,68.92,4.47,"Cecil County",96254,3408,128103,548,35921
2005,68.92,4.47,"Frederick County",219311,4257,128103,548,35921
2005,68.92,4.47,"Wicomico County",89458,5054,128103,548,35921
2005,68.92,4.47,"Prince George's County",849387,62641,128103,548,35921
2005,68.92,4.47,"Baltimore City",641097,45061,128103,548,35921
2005,68.92,4.47,"Kent County",19731,394,128103,548,35921
2005,68.92,4.47,"Charles County",136841,5029,128103,548,35921
2005,68.92,4.47,"Worcester County",49347,2532,128103,548,35921
2005,68.92,4.47,"Calvert County",87133,1848,128103,548,35921
2005,68.92,4.47,"Allegany County",74434,2308,128103,548,35921
2005,68.92,4.47,"Montgomery County",928710,25105,128103,548,35921
2005,68.92,4.47,"Anne Arundel County",512445,20101,128103,548,35921
2005,68.92,4.47,"Queen Anne's County",45421,1002,128103,548,35921
2006,69.49,4.18,"Washington County",142284,4021,127122,541,37445
2006,69.49,4.18,"Baltimore County",788266,32345,127122,541,37445
2006,69.49,4.18,"Calvert County",88166,1835,127122,541,37445
2006,69.49,4.18,"Frederick County",221305,4730,127122,541,37445
2006,69.49,4.18,"Wicomico County",90650,5345,127122,541,37445
2006,69.49,4.18,"Caroline County",31909,1094,127122,541,37445
2006,69.49,4.18,"Kent County",19954,467,127122,541,37445
2006,69.49,4.18,"Talbot County",35781,1054,127122,541,37445
2006,69.49,4.18,"Worcester County",48884,2672,127122,541,37445
2006,69.49,4.18,"Garrett County",29991,587,127122,541,37445
2006,69.49,4.18,"Harford County",239914,5585,127122,541,37445
2006,69.49,4.18,"Montgomery County",930123,26342,127122,541,37445
2006,69.49,4.18,"Dorchester County",31487,1509,127122,541,37445
2006,69.49,4.18,"Somerset County",25916,1011,127122,541,37445
2006,69.49,4.18,"Howard County",270195,7784,127122,541,37445
2006,69.49,4.18,"Cecil County",98064,3532,127122,541,37445
2006,69.49,4.18,"St. Mary's County",96782,2716,127122,541,37445
2006,69.49,4.18,"Prince George's County",848440,54499,127122,541,37445
2006,69.49,4.18,"Baltimore City",637556,43657,127122,541,37445
2006,69.49,4.18,"Queen Anne's County",45737,1116,127122,541,37445
2006,69.49,4.18,"Allegany County",73841,2493,127122,541,37445
2006,69.49,4.18,"Charles County",139202,4995,127122,541,37445
2006,69.49,4.18,"Carroll County",169003,3079,127122,541,37445
2006,69.49,4.18,"Anne Arundel County",512277,20458,127122,541,37445
2007,69.12,3.73,"Baltimore City",624237,40558,126896,551,37080
2007,69.12,3.73,"Carroll County",171843,3110,126896,551,37080
2007,69.12,3.73,"Harford County",242818,5950,126896,551,37080
2007,69.12,3.73,"Washington County",144219,3763,126896,551,37080
2007,69.12,3.73,"Caroline County",32693,1070,126896,551,37080
2007,69.12,3.73,"Calvert County",90358,1896,126896,551,37080
2007,69.12,3.73,"Howard County",273642,7827,126896,551,37080
2007,69.12,3.73,"Frederick County",225374,4655,126896,551,37080
2007,69.12,3.73,"Wicomico County",92169,4817,126896,551,37080
2007,69.12,3.73,"Prince George's County",841216,51733,126896,551,37080
2007,69.12,3.73,"Garrett County",29619,610,126896,551,37080
2007,69.12,3.73,"Kent County",19926,434,126896,551,37080
2007,69.12,3.73,"Talbot County",36063,1078,126896,551,37080
2007,69.12,3.73,"Baltimore County",785567,32309,126896,551,37080
2007,69.12,3.73,"Allegany County",71977,2521,126896,551,37080
2007,69.12,3.73,"Queen Anne's County",46703,1087,126896,551,37080
2007,69.12,3.73,"Montgomery County",932846,26730,126896,551,37080
2007,69.12,3.73,"Dorchester County",31500,1352,126896,551,37080
2007,69.12,3.73,"Anne Arundel County",508164,21442,126896,551,37080
2007,69.12,3.73,"Somerset County",25722,859,126896,551,37080
2007,69.12,3.73,"Cecil County",100680,3966,126896,551,37080
2007,69.12,3.73,"St. Mary's County",99909,2676,126896,551,37080
2007,69.12,3.73,"Worcester County",48779,2567,126896,551,37080
2007,69.12,3.73,"Charles County",142320,5089,126896,551,37080
2008,69.5,4.53,"Garrett County",29391,612,133503,488,38813
2008,69.5,4.53,"Kent County",19936,530,133503,488,38813
2008,69.5,4.53,"Baltimore City",634549,41165,133503,488,38813
2008,69.5,4.53,"Anne Arundel County",511145,22233,133503,488,38813
2008,69.5,4.53,"Carroll County",170347,3253,133503,488,38813
2008,69.5,4.53,"Queen Anne's County",47016,1112,133503,488,38813
2008,69.5,4.53,"Washington County",145781,3623,133503,488,38813
2008,69.5,4.53,"Caroline County",33080,1211,133503,488,38813
2008,69.5,4.53,"Somerset County",25996,798,133503,488,38813
2008,69.5,4.53,"Howard County",274874,8961,133503,488,38813
2008,69.5,4.53,"Cecil County",100763,4351,133503,488,38813
2008,69.5,4.53,"Baltimore County",787558,31980,133503,488,38813
2008,69.5,4.53,"Wicomico County",94080,5001,133503,488,38813
2008,69.5,4.53,"Prince George's County",826094,51268,133503,488,38813
2008,69.5,4.53,"Calvert County",89373,2241,133503,488,38813
2008,69.5,4.53,"St. Mary's County",101533,2525,133503,488,38813
2008,69.5,4.53,"Talbot County",36232,1213,133503,488,38813
2008,69.5,4.53,"Worcester County",49355,2642,133503,488,38813
2008,69.5,4.53,"Allegany County",71806,2463,133503,488,38813
2008,69.5,4.53,"Harford County",240963,6100,133503,488,38813
2008,69.5,4.53,"Montgomery County",943025,28053,133503,488,38813
2008,69.5,4.53,"Dorchester County",31780,1410,133503,488,38813
2008,69.5,4.53,"Frederick County",226881,4973,133503,488,38813
2008,69.5,4.53,"Charles County",142039,5105,133503,488,38813
2009,69.37,7.55,"Caroline County",33693,1143,125252,434,36871
2009,69.37,7.55,"Calvert County",90796,2109,125252,434,36871
2009,69.37,7.55,"Baltimore County",792855,30850,125252,434,36871
2009,69.37,7.55,"Prince George's County",826893,44766,125252,434,36871
2009,69.37,7.55,"Garrett County",29830,574,125252,434,36871
2009,69.37,7.55,"St. Mary's County",103916,2364,125252,434,36871
2009,69.37,7.55,"Baltimore City",638755,39290,125252,434,36871
2009,69.37,7.55,"Worcester County",49804,2570,125252,434,36871
2009,69.37,7.55,"Carroll County",172300,3117,125252,434,36871
2009,69.37,7.55,"Harford County",243988,5426,125252,434,36871
2009,69.37,7.55,"Washington County",147664,3259,125252,434,36871
2009,69.37,7.55,"Somerset County",26409,801,125252,434,36871
2009,69.37,7.55,"Anne Arundel County",517763,19884,125252,434,36871
2009,69.37,7.55,"Howard County",279350,7771,125252,434,36871
2009,69.37,7.55,"Frederick County",230359,4737,125252,434,36871
2009,69.37,7.55,"Wicomico County",95595,5196,125252,434,36871
2009,69.37,7.55,"Allegany County",72312,2600,125252,434,36871
2009,69.37,7.55,"Queen Anne's County",48088,1034,125252,434,36871
2009,69.37,7.55,"Kent County",20351,424,125252,434,36871
2009,69.37,7.55,"Talbot County",36662,1062,125252,434,36871
2009,69.37,7.55,"Dorchester County",32317,1143,125252,434,36871
2009,69.37,7.55,"Charles County",143833,4433,125252,434,36871
2009,69.37,7.55,"Montgomery County",963898,26234,125252,434,36871
2009,69.37,7.55,"Cecil County",102047,4410,125252,434,36871
2010,68.6,7.82,"Baltimore County",797794,28477,118198,425,36676
2010,68.6,7.82,"Baltimore City",639927,38045,118198,425,36676
2010,68.6,7.82,"Caroline County",33937,1146,118198,425,36676
2010,68.6,7.82,"Washington County",148210,3474,118198,425,36676
2010,68.6,7.82,"Frederick County",232717,4698,118198,425,36676
2010,68.6,7.82,"Harford County",246347,5355,118198,425,36676
2010,68.6,7.82,"St. Mary's County",105411,2567,118198,425,36676
2010,68.6,7.82,"Wicomico County",95757,4597,118198,425,36676
2010,68.6,7.82,"Prince George's County",842550,43073,118198,425,36676
2010,68.6,7.82,"Howard County",286963,7371,118198,425,36676
2010,68.6,7.82,"Kent County",20464,419,118198,425,36676
2010,68.6,7.82,"Allegany County",72721,2878,118198,425,36676
2010,68.6,7.82,"Carroll County",173047,3061,118198,425,36676
2010,68.6,7.82,"Worcester County",49645,2617,118198,425,36676
2010,68.6,7.82,"Dorchester County",32376,1188,118198,425,36676
2010,68.6,7.82,"Montgomery County",987166,22643,118198,425,36676
2010,68.6,7.82,"Calvert County",91279,2226,118198,425,36676
2010,68.6,7.82,"Somerset County",26236,655,118198,425,36676
2010,68.6,7.82,"Cecil County",102940,4098,118198,425,36676
2010,68.6,7.82,"Charles County",145349,4425,118198,425,36676
2010,68.6,7.82,"Talbot County",36717,958,118198,425,36676
2010,68.6,7.82,"Garrett County",29696,532,118198,425,36676
2010,68.6,7.82,"Anne Arundel County",527278,18757,118198,425,36676
2010,68.6,7.82,"Queen Anne's County",49023,1102,118198,425,36676
2011,68.01,7.32,"Baltimore City",626848,39181,114484,398,35756
2011,68.01,7.32,"Howard County",289807,7186,114484,398,35756
2011,68.01,7.32,"Kent County",20388,455,114484,398,35756
2011,68.01,7.32,"Worcester County",51942,2564,114484,398,35756
2011,68.01,7.32,"Dorchester County",32927,1286,114484,398,35756
2011,68.01,7.32,"Caroline County",33379,1221,114484,398,35756
2011,68.01,7.32,"Calvert County",89578,2123,114484,398,35756
2011,68.01,7.32,"Frederick County",235598,4573,114484,398,35756
2011,68.01,7.32,"Cecil County",102067,4020,114484,398,35756
2011,68.01,7.32,"Charles County",147940,4366,114484,398,35756
2011,68.01,7.32,"St. Mary's County",106148,2957,114484,398,35756
2011,68.01,7.32,"Wicomico County",99669,3968,114484,398,35756
2011,68.01,7.32,"Garrett County",30382,621,114484,398,35756
2011,68.01,7.32,"Prince George's County",871606,38110,114484,398,35756
2011,68.01,7.32,"Baltimore County",812661,28394,114484,398,35756
2011,68.01,7.32,"Carroll County",168719,2723,114484,398,35756
2011,68.01,7.32,"Queen Anne's County",48251,1099,114484,398,35756
2011,68.01,7.32,"Allegany County",75799,2768,114484,398,35756
2011,68.01,7.32,"Harford County",247147,4594,114484,398,35756
2011,68.01,7.32,"Anne Arundel County",542753,17160,114484,398,35756
2011,68.01,7.32,"Somerset County",26721,662,114484,398,35756
2011,68.01,7.32,"Montgomery County",980991,20216,114484,398,35756
2011,68.01,7.32,"Talbot County",38140,1007,114484,398,35756
2011,68.01,7.32,"Washington County",148828,3678,114484,398,35756
2012,67.83,6.87,"Cecil County",102676,3922,113340,372,33440
2012,67.83,6.87,"Baltimore City",625474,38457,113340,372,33440
2012,67.83,6.87,"Frederick County",239031,4598,113340,372,33440
2012,67.83,6.87,"Prince George's County",879645,36072,113340,372,33440
2012,67.83,6.87,"Charles County",150570,3918,113340,372,33440
2012,67.83,6.87,"Worcester County",52011,2402,113340,372,33440
2012,67.83,6.87,"Queen Anne's County",48821,914,113340,372,33440
2012,67.83,6.87,"Allegany County",75413,2810,113340,372,33440
2012,67.83,6.87,"Caroline County",33303,1063,113340,372,33440
2012,67.83,6.87,"Calvert County",90118,1815,113340,372,33440
2012,67.83,6.87,"Somerset County",26593,569,113340,372,33440
2012,67.83,6.87,"Montgomery County",999353,19268,113340,372,33440
2012,67.83,6.87,"Howard County",295972,6999,113340,372,33440
2012,67.83,6.87,"Anne Arundel County",549659,17053,113340,372,33440
2012,67.83,6.87,"Wicomico County",100148,3916,113340,372,33440
2012,67.83,6.87,"Talbot County",38392,959,113340,372,33440
2012,67.83,6.87,"Kent County",20399,441,113340,372,33440
2012,67.83,6.87,"St. Mary's County",108522,3035,113340,372,33440
2012,67.83,6.87,"Carroll County",168903,3027,113340,372,33440
2012,67.83,6.87,"Harford County",248869,4728,113340,372,33440
2012,67.83,6.87,"Dorchester County",32955,1309,113340,372,33440
2012,67.83,6.87,"Baltimore County",817761,27810,113340,372,33440
2012,67.83,6.87,"Washington County",149634,3448,113340,372,33440
2012,67.83,6.87,"Garrett County",30341,611,113340,372,33440
2013,67.46,6.52,"Carroll County",167529,2684,111977,387,31863
2013,67.46,6.52,"Wicomico County",101431,3872,111977,387,31863
2013,67.46,6.52,"Washington County",149938,3492,111977,387,31863
2013,67.46,6.52,"Calvert County",90031,1742,111977,387,31863
2013,67.46,6.52,"Queen Anne's County",48932,961,111977,387,31863
2013,67.46,6.52,"Prince George's County",888070,33058,111977,387,31863
2013,67.46,6.52,"Frederick County",241868,4740,111977,387,31863
2013,67.46,6.52,"St. Mary's County",110294,2744,111977,387,31863
2013,67.46,6.52,"Somerset County",26226,585,111977,387,31863
2013,67.46,6.52,"Allegany County",73834,2637,111977,387,31863
2013,67.46,6.52,"Talbot County",38253,737,111977,387,31863
2013,67.46,6.52,"Baltimore City",622671,39988,111977,387,31863
2013,67.46,6.52,"Caroline County",32665,1013,111977,387,31863
2013,67.46,6.52,"Montgomery County",1016455,18038,111977,387,31863
2013,67.46,6.52,"Charles County",152067,4115,111977,387,31863
2013,67.46,6.52,"Cecil County",102068,3311,111977,387,31863
2013,67.46,6.52,"Baltimore County",822814,27913,111977,387,31863
2013,67.46,6.52,"Kent County",20232,401,111977,387,31863
2013,67.46,6.52,"Dorchester County",32578,1120,111977,387,31863
2013,67.46,6.52,"Anne Arundel County",555330,16790,111977,387,31863
2013,67.46,6.52,"Harford County",250244,4725,111977,387,31863
2013,67.46,6.52,"Howard County",303727,6751,111977,387,31863
2013,67.46,6.52,"Garrett County",29839,700,111977,387,31863
2013,67.46,6.52,"Worcester County",51718,2333,111977,387,31863
2014,66.9,5.73,"Caroline County",32662,888,108945,363,28159
2014,66.9,5.73,"Anne Arundel County",561031,15737,108945,363,28159
2014,66.9,5.73,"Allegany County",73299,2580,108945,363,28159
2014,66.9,5.73,"Baltimore City",623513,38321,108945,363,28159
2014,66.9,5.73,"Montgomery County",1029182,18475,108945,363,28159
2014,66.9,5.73,"Calvert County",91047,1665,108945,363,28159
2014,66.9,5.73,"Kent County",19915,386,108945,363,28159
2014,66.9,5.73,"Charles County",154633,3597,108945,363,28159
2014,66.9,5.73,"Prince George's County",898019,30671,108945,363,28159
2014,66.9,5.73,"Howard County",309341,6343,108945,363,28159
2014,66.9,5.73,"Harford County",250706,4266,108945,363,28159
2014,66.9,5.73,"Dorchester County",32717,1231,108945,363,28159
2014,66.9,5.73,"Worcester County",51756,2427,108945,363,28159
2014,66.9,5.73,"Frederick County",243718,4339,108945,363,28159
2014,66.9,5.73,"Cecil County",102296,3388,108945,363,28159
2014,66.9,5.73,"Garrett County",29897,523,108945,363,28159
2014,66.9,5.73,"Wicomico County",101594,3884,108945,363,28159
2014,66.9,5.73,"Somerset County",26270,535,108945,363,28159
2014,66.9,5.73,"Washington County",150339,3714,108945,363,28159
2014,66.9,5.73,"Talbot County",38020,900,108945,363,28159
2014,66.9,5.73,"Carroll County",167966,2593,108945,363,28159
2014,66.9,5.73,"Queen Anne's County",48773,863,108945,363,28159
2014,66.9,5.73,"St. Mary's County",110842,2474,108945,363,28159
2014,66.9,5.73,"Baltimore County",828871,26618,108945,363,28159
2015,66.83,4.99,"Howard County",313717,6039,103306,553,26716
2015,66.83,4.99,"Kent County",19664,382,103306,553,26716
2015,66.83,4.99,"Charles County",156234,3527,103306,553,26716
2015,66.83,4.99,"Frederick County",245356,4097,103306,553,26716
2015,66.83,4.99,"Dorchester County",32453,1366,103306,553,26716
2015,66.83,4.99,"Carroll County",167468,2275,103306,553,26716
2015,66.83,4.99,"Harford County",250575,3747,103306,553,26716
2015,66.83,4.99,"Somerset County",25626,448,103306,553,26716
2015,66.83,4.99,"Calvert County",90757,1490,103306,553,26716
2015,66.83,4.99,"Cecil County",102376,3027,103306,553,26716
2015,66.83,4.99,"Wicomico County",101897,3795,103306,553,26716
2015,66.83,4.99,"Worcester County",51566,2008,103306,553,26716
2015,66.83,4.99,"Garrett County",29487,521,103306,553,26716
2015,66.83,4.99,"Caroline County",32308,727,103306,553,26716
2015,66.83,4.99,"Talbot County",37473,773,103306,553,26716
2015,66.83,4.99,"Prince George's County",911524,26386,103306,553,26716
2015,66.83,4.99,"Anne Arundel County",563766,15109,103306,553,26716
2015,66.83,4.99,"Baltimore County",829630,26902,103306,553,26716
2015,66.83,4.99,"Allegany County",72230,2490,103306,553,26716
2015,66.83,4.99,"Montgomery County",1041345,18566,103306,553,26716
2015,66.83,4.99,"Washington County",149573,3411,103306,553,26716
2015,66.83,4.99,"St. Mary's County",111234,2584,103306,553,26716
2015,66.83,4.99,"Baltimore City",621252,41124,103306,553,26716
2015,66.83,4.99,"Queen Anne's County",48890,794,103306,553,26716
2016,66.92,4.29,"Howard County",316777,6258,100637,534,24803
2016,66.92,4.29,"Charles County",157065,3145,100637,534,24803
2016,66.92,4.29,"Wicomico County",102475,3503,100637,534,24803
2016,66.92,4.29,"Cecil County",102033,2979,100637,534,24803
2016,66.92,4.29,"Carroll County",166742,2257,100637,534,24803
2016,66.92,4.29,"Frederick County",246177,3769,100637,534,24803
2016,66.92,4.29,"Calvert County",90403,1324,100637,534,24803
2016,66.92,4.29,"Caroline County",32294,729,100637,534,24803
2016,66.92,4.29,"Allegany County",71622,2319,100637,534,24803
2016,66.92,4.29,"Dorchester County",32143,1104,100637,534,24803
2016,66.92,4.29,"Harford County",249859,4024,100637,534,24803
2016,66.92,4.29,"Baltimore County",831374,27944,100637,534,24803
2016,66.92,4.29,"St. Mary's County",111930,2302,100637,534,24803
2016,66.92,4.29,"Talbot County",37221,791,100637,534,24803
2016,66.92,4.29,"Garrett County",29166,435,100637,534,24803
2016,66.92,4.29,"Anne Arundel County",566105,14938,100637,534,24803
2016,66.92,4.29,"Queen Anne's County",48839,720,100637,534,24803
2016,66.92,4.29,"Washington County",149090,3632,100637,534,24803
2016,66.92,4.29,"Worcester County",51255,1987,100637,534,24803
2016,66.92,4.29,"Kent County",19592,294,100637,534,24803
2016,66.92,4.29,"Montgomery County",1047303,17443,100637,534,24803
2016,66.92,4.29,"Prince George's County",913206,24230,100637,534,24803
2016,66.92,4.29,"Somerset County",25481,607,100637,534,24803
2016,66.92,4.29,"Baltimore City",618385,41128,100637,534,24803
2017,67.6,4,"Dorchester County",32174,1407,98864,569,23721
2017,67.6,4,"Anne Arundel County",572990,14039,98864,569,23721
2017,67.6,4,"Frederick County",249745,3636,98864,569,23721
2017,67.6,4,"Calvert County",91587,1058,98864,569,23721
2017,67.6,4,"Cecil County",102783,2493,98864,569,23721
2017,67.6,4,"Caroline County",32795,667,98864,569,23721
2017,67.6,4,"Washington County",150632,3192,98864,569,23721
2017,67.6,4,"Wicomico County",103135,3525,98864,569,23721
2017,67.6,4,"Garrett County",29299,492,98864,569,23721
2017,67.6,4,"Kent County",19642,215,98864,569,23721
2017,67.6,4,"St. Mary's County",113700,2196,98864,569,23721
2017,67.6,4,"Baltimore County",834727,28398,98864,569,23721
2017,67.6,4,"Carroll County",167630,2284,98864,569,23721
2017,67.6,4,"Harford County",251859,3389,98864,569,23721
2017,67.6,4,"Queen Anne's County",49084,683,98864,569,23721
2017,67.6,4,"Somerset County",25822,508,98864,569,23721
2017,67.6,4,"Howard County",322066,6284,98864,569,23721
2017,67.6,4,"Baltimore City",613217,43132,98864,569,23721
2017,67.6,4,"Prince George's County",914736,22558,98864,569,23721
2017,67.6,4,"Charles County",159441,3220,98864,569,23721
2017,67.6,4,"Allegany County",71616,2483,98864,569,23721
2017,67.6,4,"Montgomery County",1054933,17822,98864,569,23721
2017,67.6,4,"Talbot County",37156,730,98864,569,23721
2017,67.6,4,"Worcester County",51408,1950,98864,569,23721
2018,67.8,3.82,"Somerset County",25635,432,92185,489,18920
2018,67.8,3.82,"Prince George's County",912326,21087,92185,489,18920
2018,67.8,3.82,"Garrett County",28874,406,92185,489,18920
2018,67.8,3.82,"Allegany County",70577,1896,92185,489,18920
2018,67.8,3.82,"Montgomery County",1062595,16125,92185,489,18920
2018,67.8,3.82,"Harford County",251139,3388,92185,489,18920
2018,67.8,3.82,"Washington County",149781,3367,92185,489,18920
2018,67.8,3.82,"Anne Arundel County",573631,12540,92185,489,18920
2018,67.8,3.82,"Frederick County",252641,3523,92185,489,18920
2018,67.8,3.82,"Howard County",323435,5197,92185,489,18920
2018,67.8,3.82,"St. Mary's County",112779,2162,92185,489,18920
2018,67.8,3.82,"Baltimore City",605436,38786,92185,489,18920
2018,67.8,3.82,"Caroline County",32947,524,92185,489,18920
2018,67.8,3.82,"Charles County",160284,3158,92185,489,18920
2018,67.8,3.82,"Queen Anne's County",49656,532,92185,489,18920
2018,67.8,3.82,"Talbot County",36698,648,92185,489,18920
2018,67.8,3.82,"Baltimore County",829560,26193,92185,489,18920
2018,67.8,3.82,"Carroll County",166519,1942,92185,489,18920
2018,67.8,3.82,"Dorchester County",31832,992,92185,489,18920
2018,67.8,3.82,"Kent County",19116,174,92185,489,18920
2018,67.8,3.82,"Wicomico County",102673,3174,92185,489,18920
2018,67.8,3.82,"Calvert County",91132,1033,92185,489,18920
2018,67.8,3.82,"Cecil County",102148,2520,92185,489,18920
2018,67.8,3.82,"Worcester County",51304,1551,92185,489,18920
2019,68.81,3.39,"Somerset County",25452,387,89706,543,16853
2019,68.81,3.39,"Washington County",150576,2775,89706,543,16853
2019,68.81,3.39,"Frederick County",257177,3416,89706,543,16853
2019,68.81,3.39,"Howard County",326167,4833,89706,543,16853
2019,68.81,3.39,"Queen Anne's County",50313,504,89706,543,16853
2019,68.81,3.39,"Baltimore City",597239,37219,89706,543,16853
2019,68.81,3.39,"Allegany County",70140,1749,89706,543,16853
2019,68.81,3.39,"Montgomery County",1057224,16696,89706,543,16853
2019,68.81,3.39,"Dorchester County",31754,1013,89706,543,16853
2019,68.81,3.39,"Harford County",253798,2922,89706,543,16853
2019,68.81,3.39,"Baltimore County",827068,25172,89706,543,16853
2019,68.81,3.39,"Cecil County",102522,2390,89706,543,16853
2019,68.81,3.39,"Calvert County",91927,973,89706,543,16853
2019,68.81,3.39,"Prince George's County",910354,19563,89706,543,16853
2019,68.81,3.39,"St. Mary's County",112993,2111,89706,543,16853
2019,68.81,3.39,"Caroline County",33170,543,89706,543,16853
2019,68.81,3.39,"Charles County",162578,3122,89706,543,16853
2019,68.81,3.39,"Garrett County",28898,432,89706,543,16853
2019,68.81,3.39,"Kent County",19186,203,89706,543,16853
2019,68.81,3.39,"Talbot County",36673,541,89706,543,16853
2019,68.81,3.39,"Carroll County",167742,1844,89706,543,16853
2019,68.81,3.39,"Worcester County",51606,1432,89706,543,16853
2019,68.81,3.39,"Anne Arundel County",577904,12381,89706,543,16853
2019,68.81,3.39,"Wicomico County",103219,2832,89706,543,16853
2020,66.51,6.52,"Montgomery County",1055918,16594,72662,573,14908
2020,66.51,6.52,"Somerset County",25440,398,72662,573,14908
2020,66.51,6.52,"Carroll County",168032,1373,72662,573,14908
2020,66.51,6.52,"Frederick County",261667,2671,72662,573,14908
2020,66.51,6.52,"Prince George's County",911234,19401,72662,573,14908
2020,66.51,6.52,"Cecil County",102707,2027,72662,573,14908
2020,66.51,6.52,"Charles County",164609,2669,72662,573,14908
2020,66.51,6.52,"Allegany County",69699,1529,72662,573,14908
2020,66.51,6.52,"Queen Anne's County",50510,437,72662,573,14908
2020,66.51,6.52,"Baltimore City",588594,28147,72662,573,14908
2020,66.51,6.52,"Baltimore County",826987,20045,72662,573,14908
2020,66.51,6.52,"Dorchester County",31742,982,72662,573,14908
2020,66.51,6.52,"Harford County",255760,2217,72662,573,14908
2020,66.51,6.52,"Washington County",150927,2249,72662,573,14908
2020,66.51,6.52,"Anne Arundel County",581937,10433,72662,573,14908
2020,66.51,6.52,"Calvert County",92622,866,72662,573,14908
2020,66.51,6.52,"Howard County",329010,3993,72662,573,14908
2020,66.51,6.52,"St. Mary's County",114031,1744,72662,573,14908
2020,66.51,6.52,"Wicomico County",103796,2202,72662,573,14908
2020,66.51,6.52,"Caroline County",33336,459,72662,573,14908
2020,66.51,6.52,"Garrett County",28797,357,72662,573,14908
2020,66.51,6.52,"Kent County",19273,152,72662,573,14908
2020,66.51,6.52,"Talbot County",36983,477,72662,573,14908
2020,66.51,6.52,"Worcester County",52191,1536,72662,573,14908
